-0.2408457011970645 0.19056645520481602 0.5412566275120808 
0.016424119348626764 0.4475338047945787 0.7740564796925569 
-0.0506945340734258 0.17971490757514857 0.1848634011462677 


-0.10544071928700066 -0.2690497179056814 -0.056114846200280386 
0.07635007203031467 0.0185433253529122 0.19945000141018665 
0.330845055328614 0.24210812061698944 0.09661683609971151 


-0.03636947891509492 -0.012651883907142177 -0.030603950441064003 
0.10199754794916732 -0.23362082714558766 -0.19426206818659275 
0.4901399341552913 0.24129351919184547 0.0004105831670402367 


0.3576765461970304 0.3089505729603871 0.37163987100628865 
0.1802188807737364 0.14102064792903543 0.1838553667600485 
-0.1931149760021336 -0.36518681585781937 -0.07138749892392802 


-0.2857337227193392 0.5293871701918145 0.5083742585366164 
-0.1439915112712906 0.2556852878822022 0.7287489158932877 
-0.24847713382464276 0.04373449016561162 0.3696654340838651 


-0.06345434313517502 -0.15713052181062448 0.06841089079341979 
0.31888571396038784 0.2131635155380056 0.3517650968902659 
0.46323013909989164 0.5807803005399975 -0.08048147463782467 


-0.013142076898211561 0.004340562786063086 0.11100730397814812 
-0.02392437717209431 -0.14825506952216588 -0.11408821265577716 
0.049184318632117814 -0.0757811760030722 0.0023731702826424008 


-0.19103723741098388 0.10423909432903838 0.27837169231849873 
-0.0152345966807853 -0.054915241957116404 -0.036949364187731676 
0.09883464423126888 0.2765518016095301 0.11678803084222013 


